// Gen 1
136.145 -62.4138 38.3508 77.8874
147.306 -93.4162 41.4947 58.605
130.656 -53.3276 36.8044 78.2597
137.471 -24.6982 38.7242 76.7359
175.505 -38.3034 49.4381 79.7209
155.423 -32.2664 43.781 81.1916
162.958 -66.8023 45.9036 66.2967
163.872 -39.0941 46.1611 44.5952
153.215 -34.688 43.159 72.8962
174.285 -41.905 49.0943 76.9967
136.473 -26.448 38.4431 81.734
131.759 -62.7716 37.1151 78.6184
145.759 -80.0606 41.059 73.3448
141.922 -56.4306 39.9781 81.0919
152.756 -38.6679 43.0298 39.9647
161.905 -59.1586 45.6069 81.208
149.674 -24.3629 42.1617 80.6941
139.88 -65.7997 39.4029 79.2307
153.839 -28.6261 43.335 78.5606
166.959 -41.2585 47.0307 80.133
155.194 -35.4013 43.7167 72.5309
126.377 -62.8178 35.5993 80.2377
129.603 -57.1278 36.508 80.4526
160.592 -68.0331 45.2373 80.6093
155.984 -36.7183 43.9392 75.9127
147.22 -77.2345 41.4703 76.4803
179.933 -49.5747 50.6854 76.9548
164.897 -59.183 46.45 77.317
138.783 -54.6813 39.0937 79.9272
142.061 -75.6225 40.0171 35.6414
146.974 -89.4795 41.4012 76.9067
142.959 -51.9369 40.2702 81.0959
150.082 -35.676 42.2766 73.5461
111.8 -41.717 31.493 80.9858
146.047 -88.0199 41.14 71.885
163.72 -78.8716 46.1184 73.6172
153.373 -85.0328 43.2035 71.1619
111.805 -45.2049 31.4943 83.6219
158.101 -31.5007 44.5354 78.6418
162.808 -44.1966 45.8613 70.9033
153.011 -35.1445 43.1017 38.1265
158.808 -34.189 44.7345 76.2652
128.778 -57.0019 36.2754 79.5893
148.376 -43.6467 41.796 38.2275
150.069 -102.378 42.2729 75.6136
151.732 -29.0672 42.7415 75.9127
130.84 -60.7459 36.8564 79.2108
153.069 -44.5401 43.1181 82.2512
// Gen_2
160.601 -33.544 45.2396 72.8672
166.452 -67.6536 46.888 76.9184
154.366 -34.9973 43.4835 72.2979
150.318 -28.6804 42.3431 76.2568
163.14 -40.5313 45.955 70.7543
156.993 -35.2858 44.2235 72.8648
152.024 -42.1299 42.8237 82.7668
155.533 -33.882 43.8122 74.5222
130.056 -62.9393 36.6354 80.7371
150.653 -37.0932 42.4375 72.979
170.607 -38.6305 48.0584 77.0233
157.744 -64.7744 44.435 79.4676
147.097 -33.2569 41.4357 76.3399
158.101 -31.5007 44.5354 78.6418
161.394 -35.366 45.463 77.1992
163.345 -33.1718 46.0127 75.1461
161.605 -38.5658 45.5226 77.6031
113.285 -42.3881 31.9113 78.3182
166.113 -31.4408 46.7923 80.2361
176.811 -45.3819 49.8059 78.5224
170.501 -54.311 48.0284 80.9808
169.572 -47.3073 47.7669 80.7841
128.524 -58.2315 36.2039 80.5736
130.656 -53.3276 36.8044 78.2597
133.756 -58.1629 37.6778 79.2792
119.241 -44.2707 33.5891 82.9522
127.087 -64.3783 35.7993 74.635
139.899 -77.1034 39.4082 77.0407
141.99 -57.9523 39.9972 79.5559
130.599 -58.0939 36.7884 81.0743
152.466 -31.7573 42.948 72.863
126.093 -59.7511 35.5192 81.187
173.809 -69.6972 48.9602 75.4133
170.525 -57.5933 48.0352 80.8763
162.173 -61.2401 45.6825 76.3913
132.274 -63.6592 37.2604 78.6129
121.323 -46.3517 34.1756 80.5036
142.328 -67.1951 40.0924 79.1789
155.806 -43.5819 43.8889 77.8257
135.004 -69.2988 38.0292 62.7662
168.182 -53.8075 47.3752 73.7552
147.22 -77.2345 41.4703 76.4803
152.728 -72.733 43.0219 80.367
150.965 -86.8336 42.5253 72.3164
128.226 -57.223 36.12 78.8976
153.91 -83.1749 43.355 72.1165
147.528 -107.774 41.5572 72.9294
148.425 -102.549 41.8099 75.2698
// Gen 29 
153.166 -34.8076 43.1454 73.9479
157.04 -66.665 44.2367 76.1404
152.771 -27.6532 43.034 74.847
172.085 -39.219 48.4746 76.7174
151.71 -31.1007 42.7352 72.9419
151.71 -31.1007 42.7352 72.9419
151.796 -29.0294 42.7595 73.1689
155.265 -41.3485 43.7367 71.7369
151.71 -31.1007 42.7352 72.9419
168.62 -63.3937 47.4987 79.6662
144.846 -29.5595 40.8017 74.5612
151.71 -31.1007 42.7352 72.9419
153.341 -36.4205 43.1946 59.0044
151.861 -28.4706 42.7778 73.4664
155.265 -41.3485 43.7367 71.7369
161.948 -39.3311 45.6191 79.0736
155.812 -30.3446 43.8907 71.7727
151.861 -28.4706 42.7778 73.4664
146.495 -34.613 41.2662 72.4572
151.796 -29.0294 42.7595 73.1689
151.796 -29.0294 42.7595 73.1689
151.71 -31.1007 42.7352 72.9419
132.266 -95.6394 37.2581 70.5014
152.063 -83.8915 42.8347 69.7785
156.389 -63.6581 44.0532 82.0397
144.405 -33.8612 40.6774 77.0387
151.71 -31.1007 42.7352 72.9419
151.796 -29.0294 42.7595 73.1689
151.796 -29.0294 42.7595 73.1689
143.502 -28.3031 40.4231 78.7862
151.086 -30.5639 42.5595 76.6
155.065 -30.2775 43.6802 79.6707
145.179 -34.4962 40.8954 77.6623
164.396 -47.141 46.3086 80.456
158.71 -43.6445 44.7071 81.3607
155.42 -30.8985 43.7802 71.7505
151.429 -26.0676 42.6561 80.2985
153.597 -29.1843 43.2666 72.5044
142.912 -47.3977 40.2569 73.6892
156.584 -33.4139 44.1081 80.5066
127.932 -50.4892 36.0372 79.8777
152.236 -43.8847 42.8835 81.0726
153.597 -29.1843 43.2666 72.5044
151.861 -28.4706 42.7778 73.4664
146.064 -32.6471 41.1447 74.5297
131.439 -46.1153 37.025 81.368
147.036 -33.1247 41.4186 73.3109
137.916 -29.9712 38.8495 73.2307
// Repeat
153.166 -34.8076 43.1454 73.9479
157.04 -66.665 44.2367 76.1404
152.771 -27.6532 43.034 74.847
172.085 -39.219 48.4746 76.7174
151.71 -31.1007 42.7352 72.9419
151.71 -31.1007 42.7352 72.9419
151.796 -29.0294 42.7595 73.1689
155.265 -41.3485 43.7367 71.7369
151.71 -31.1007 42.7352 72.9419
168.62 -63.3937 47.4987 79.6662
144.846 -29.5595 40.8017 74.5612
151.71 -31.1007 42.7352 72.9419
153.341 -36.4205 43.1946 59.0044
151.861 -28.4706 42.7778 73.4664
155.265 -41.3485 43.7367 71.7369
161.948 -39.3311 45.6191 79.0736
155.812 -30.3446 43.8907 71.7727
151.861 -28.4706 42.7778 73.4664
146.495 -34.613 41.2662 72.4572
151.796 -29.0294 42.7595 73.1689
151.796 -29.0294 42.7595 73.1689
151.71 -31.1007 42.7352 72.9419
132.266 -95.6394 37.2581 70.5014
152.063 -83.8915 42.8347 69.7785
156.389 -63.6581 44.0532 82.0397
144.405 -33.8612 40.6774 77.0387
151.71 -31.1007 42.7352 72.9419
151.796 -29.0294 42.7595 73.1689
151.796 -29.0294 42.7595 73.1689
143.502 -28.3031 40.4231 78.7862
151.086 -30.5639 42.5595 76.6
155.065 -30.2775 43.6802 79.6707
145.179 -34.4962 40.8954 77.6623
164.396 -47.141 46.3086 80.456
158.71 -43.6445 44.7071 81.3607
155.42 -30.8985 43.7802 71.7505
151.429 -26.0676 42.6561 80.2985
153.597 -29.1843 43.2666 72.5044
142.912 -47.3977 40.2569 73.6892
156.584 -33.4139 44.1081 80.5066
127.932 -50.4892 36.0372 79.8777
152.236 -43.8847 42.8835 81.0726
153.597 -29.1843 43.2666 72.5044
151.861 -28.4706 42.7778 73.4664
146.064 -32.6471 41.1447 74.5297
131.439 -46.1153 37.025 81.368
147.036 -33.1247 41.4186 73.3109
137.916 -29.9712 38.8495 73.2307
      